1 2 1
2 3 1
3 4 1
4 5 1
5 6 1
6 7 1
7 8 1
8 9 1
9 10 1
10 11 1
11 12 1
12 13 1
13 14 1
14 15 1
15 16 1
17 18 2
18 19 2
19 20 2
20 21 2
21 22 2
22 23 2
23 24 2
24 25 2
25 26 2
26 27 2
27 28 2
28 9 2
9 29 2
29 30 2
30 31 2
31 32 2
32 33 2
33 34 2
34 35 2
35 36 2
36 37 2
37 38 2
38 39 2
40 41 3
41 42 3
42 43 3
43 44 3
44 45 3
45 46 3
46 47 3
47 48 3
48 49 3
49 14 3
14 50 3
50 51 3
51 52 3
52 53 3
53 54 3
55 56 4
56 57 4
57 58 4
58 59 4
59 60 4
60 61 4
61 62 4
62 63 4
63 64 4
64 65 4
65 66 4
66 67 4
67 68 4
68 69 4
69 70 4
70 71 4
71 72 4
73 74 5
74 75 5
75 76 5
76 77 5
77 31 5
31 78 5
78 79 5
79 80 5
80 81 5
81 13 5
13 82 5
82 49 5
49 83 5
83 84 5
84 85 5
85 86 5
86 70 5
70 87 5
87 88 5
88 89 5
89 90 5
90 91 5
91 92 5
93 94 6
94 95 6
95 96 6
96 74 6
74 97 6
97 5 6
5 98 6
98 99 6
99 28 6
28 100 6
100 101 6
101 102 6
102 12 6
12 80 6
80 103 6
103 104 6
104 105 6
105 106 6
106 107 6
107 54 6
54 108 6
108 109 6
109 110 6
110 111 6
111 112 6
112 113 6
113 114 6
114 115 6
115 116 6
116 117 6
117 118 6
17 18 7
18 119 7
119 120 7
120 42 7
42 121 7
121 122 7
122 123 7
123 66 7
124 125 8
125 25 8
25 126 8
126 127 8
127 128 8
128 47 8
47 129 8
129 130 8
130 131 8
131 132 8
132 69 8
133 134 9
134 135 9
135 136 9
136 137 9
137 138 9
138 139 9
139 140 9
140 141 9
141 142 9
